4.333273000000000263e-01
4.110799700000000167e-01
4.229526900000000200e-01
3.534992900000000215e-01
3.757845699999999844e-01
4.118846600000000135e-01
3.092365499999999989e-01
2.558859900000000076e-01
3.515282000000000129e-01
6.011152100000000109e-01
5.797051800000000421e-01
4.832266599999999745e-01
5.001554000000000277e-01
3.943348099999999801e-01
4.171559000000000239e-01
4.342887400000000064e-01
3.749571199999999771e-01
3.577805099999999960e-01
2.752868700000000168e-01
2.813144300000000042e-01
4.753150999999999904e-01
4.576541700000000268e-01
4.839004199999999978e-01
4.538789599999999980e-01
