1.227104035052357656e-01
5.119247800678581317e-01
9.884966037357811874e-01
6.731309374174354598e-02
6.922405439333340071e-01
9.738240985414088335e-01
2.879708524399756664e-01
6.966148973339425510e-01
4.743732218109910637e-01
9.836539237640727906e-01
2.087218186703453382e-01
3.126190309826890612e-01
5.142063403599458349e-01
4.862828698264248795e-01
3.407630207332518202e-01
4.107930955934030459e-01
2.898836238398586618e-01
7.602485473821319895e-01
5.632327745109181327e-01
3.905136142225038576e-01
4.074392509665892836e-01
8.252001920373871480e-01
6.393703031207037535e-01
1.834999655295883603e-01
